p0001	behavior__math_all_objects_36ab389c_behavior__math_delimiter_tests_c9d034dc
p0002	behavior__math_delimiter_tests_c9d034dc_behavior__math_eqarr_tests_40a1adb0
p0003	behavior__math_eqarr_tests_40a1adb0_behavior__math_func_tests_0434dd11
p0004	behavior__math_func_tests_0434dd11_behavior__math_groupchr_tests_4a4970fc
p0005	behavior__math_groupchr_tests_4a4970fc_behavior__math_limit_tests_6dc07867
p0006	behavior__math_limit_tests_6dc07867_behavior__math_matrix_tests_a3b17e15
p0007	behavior__math_matrix_tests_a3b17e15_behavior__math_nary_tests_dde91168
p0008	behavior__math_nary_tests_dde91168_behavior__math_phantom_tests_263131a8
p0009	behavior__math_phantom_tests_263131a8_behavior__math_radical_tests_4c1ce187
p0010	behavior__math_radical_tests_4c1ce187_behavior__multi_image_types_b962a2b8
p0011	behavior__multi_image_types_b962a2b8_behavior__pageref_standalone_h_7b3ab72e
p0012	behavior__pageref_standalone_h_7b3ab72e_behavior__pageref_standalone_uppercase_h_7701e07f
p0013	behavior__pageref_standalone_uppercase_h_7701e07f_behavior__rtl_header_footer_e1ac81f6
p0014	behavior__rtl_header_footer_e1ac81f6_behavior__rtl_mixed_bidi_e955f185
p0015	behavior__rtl_mixed_bidi_e955f185_behavior__rtl_page_numpages_54739e26
p0016	behavior__rtl_page_numpages_54739e26_behavior__sd_1960_word_replacement_no_comments_187e8147
p0017	behavior__sd_1960_word_replacement_no_comments_187e8147_behavior__sd_2323_image_resize_test_2b8a201a
p0018	behavior__sd_2323_image_resize_test_2b8a201a_behavior__sd_2343_table_border_widths_b5148e83
p0019	behavior__sd_2343_table_border_widths_b5148e83_behavior__sd_2447_toc_tab_alignment_8319c14c
p0020	behavior__sd_2447_toc_tab_alignment_8319c14c_behavior__sd_2517_localized_heading_styles_39c2e4a1
p0021	behavior__sd_2517_localized_heading_styles_39c2e4a1_behavior__sd_2672_gridbefore_vmerge_7c895dff
p0022	behavior__sd_2672_gridbefore_vmerge_7c895dff_behavior__sd_2672_merged_table_821b922c
p0023	behavior__sd_2672_merged_table_821b922c_behavior__sd_2672_multipara_cell_4d1f068e
p0024	behavior__sd_2672_multipara_cell_4d1f068e_behavior__sd_2672_nested_table_dfac08bb
p0025	behavior__sd_2672_nested_table_dfac08bb_behavior__sd_2672_plain_3x3_87943d5d
p0026	behavior__sd_2672_plain_3x3_87943d5d_behavior__sd_2672_rtl_table_63bd9d10
p0027	behavior__sd_2672_rtl_table_63bd9d10_behavior__sd_2672_sdt_table_fc038913
p0028	behavior__sd_2672_sdt_table_fc038913_behavior__sd_2750_borderbox_7cd3768d
p0029	behavior__sd_2750_borderbox_7cd3768d_behavior__sd_2888_hyperlink_with_ampersand_aaaac3bc
p0030	behavior__sd_2888_hyperlink_with_ampersand_aaaac3bc_behavior__tiff_image_2d531f83
p0031	behavior__tiff_image_2d531f83_behavior__two_column_simple_e77be963
p0032	behavior__two_column_simple_e77be963_behavior__word_native_bullet_circle_80d6f323
p0033	behavior__word_native_bullet_circle_80d6f323_behavior__word_native_bullet_disc_bfbeb2dd
p0034	behavior__word_native_bullet_disc_bfbeb2dd_behavior__word_native_bullet_square_da8bb73c
p0035	doc_api_stories__diff_doc1_835f4535_doc_api_stories__diff_doc2_bc0da0ce
p0036	doc_api_stories__diff_doc2_bc0da0ce_doc_api_stories__numwords_8be5f783
p0037	doc_api_stories__numwords_8be5f783_doc_api_stories__sd_2086_header_row_shading_api_9757ca5b
p0038	doc_api_stories__sd_2086_header_row_shading_api_9757ca5b_doc_api_stories__table_style_options_roundtrip_10222e60
p0039	evals__basic_list_b4d9bb45_evals__blank_bc294b57
p0040	evals__blank_bc294b57_evals__comments_doc_79800b37
p0041	evals__comments_doc_79800b37_evals__document_9bff7e1b
p0042	evals__document_9bff7e1b_evals__employment_offer_4cf5a872
p0043	evals__employment_offer_4cf5a872_evals__lease_agreement_7081191d
p0044	evals__lease_agreement_7081191d_evals__memorandum_258c774a
p0045	evals__memorandum_258c774a_evals__nda_7f304918
p0046	evals__nda_7f304918_evals__report_with_formatting_03f385ed
p0047	evals__report_with_formatting_03f385ed_evals__table_doc_4d728d83
p0048	super_editor__Google_Docs_Originated_comments___TCs_76ac865d_super_editor__Hello_docx_world_12f11074
p0049	super_editor__Hello_docx_world_12f11074_super_editor__SD_978_remove_table_borders_47f7ede7
p0050	super_editor__SD_978_remove_table_borders_47f7ede7_super_editor__WordOriginatedComments_c146be65
p0051	super_editor__WordOriginatedComments_c146be65_super_editor__advanced_text_78401c31
p0052	super_editor__advanced_text_78401c31_super_editor__alternateContent_valid_de18b376
p0053	super_editor__alternateContent_valid_de18b376_super_editor__anchor_images_3327faf8
p0054	super_editor__anchor_images_3327faf8_super_editor__annot2_03ae6b74
p0055	super_editor__annot2_03ae6b74_super_editor__annotations_import_2_eaae7b97
p0056	super_editor__annotations_import_2_eaae7b97_super_editor__base_custom_544164f9
p0057	super_editor__base_custom_544164f9_super_editor__base_ordered_fdff1fb2
p0058	super_editor__base_ordered_fdff1fb2_super_editor__basic_comment_d3ba5f1e
p0059	super_editor__basic_comment_d3ba5f1e_super_editor__basic_footnotes_5be96945
p0060	super_editor__basic_footnotes_5be96945_super_editor__basic_list_0fcfe705
p0061	super_editor__basic_list_0fcfe705_super_editor__basic_page_nums_d5b08fc3
p0062	super_editor__basic_page_nums_d5b08fc3_super_editor__basic_paragraph_1774f4e4
p0063	super_editor__basic_paragraph_1774f4e4_super_editor__basic_resolved_comment_cac5a1b0
p0064	super_editor__basic_resolved_comment_cac5a1b0_super_editor__basic_table_shading_d3212ffd
p0065	super_editor__basic_table_shading_d3212ffd_super_editor__basic_tracked_change_5a9ff724
p0066	super_editor__basic_tracked_change_5a9ff724_super_editor__blank_doc_b2a325e7
p0067	super_editor__blank_doc_b2a325e7_super_editor__bookmark_use_cases_d20f31f6
p0068	super_editor__bookmark_use_cases_d20f31f6_super_editor__broken_complex_list_293fda86
p0069	super_editor__broken_complex_list_293fda86_super_editor__broken_list_missing_items_36b4199e
p0070	super_editor__broken_list_missing_items_36b4199e_super_editor__broken_list_7e9b9bf7
p0071	super_editor__broken_list_7e9b9bf7_super_editor__comment_23ee5ec1
p0072	super_editor__comment_23ee5ec1_super_editor__complex_list_def_issue_326369f9
p0073	super_editor__complex_list_def_issue_326369f9_super_editor__complex_list_def_short_export_8fa15950
p0074	super_editor__complex_list_def_short_export_8fa15950_super_editor__complex_list_def_short_fde20a67
p0075	super_editor__complex_list_def_short_fde20a67_super_editor__complex2_dbba7f05
p0076	super_editor__complex2_dbba7f05_super_editor__complexexport1_69441ab1
p0077	super_editor__complexexport1_69441ab1_super_editor__contract_acc_bbd983a0
p0078	super_editor__contract_acc_bbd983a0_super_editor__custom_list_numbering1_7eb9fda4
p0079	super_editor__custom_list_numbering1_7eb9fda4_super_editor__custom_list1_77f82bd7
p0080	super_editor__custom_list1_77f82bd7_super_editor__diff_after_10f1912e
p0081	super_editor__diff_after_10f1912e_super_editor__diff_after10_ac257741
p0082	super_editor__diff_after10_ac257741_super_editor__diff_after11_1d5b767f
p0083	super_editor__diff_after11_1d5b767f_super_editor__diff_after16_2a48697a
p0084	super_editor__diff_after16_2a48697a_super_editor__diff_after19_79c6b379
p0085	super_editor__diff_after19_79c6b379_super_editor__diff_after2_fc1e0763
p0086	super_editor__diff_after2_fc1e0763_super_editor__diff_after3_3f4fb6e8
p0087	super_editor__diff_after4_471fa40f_super_editor__diff_after5_9fb9d5b4
p0088	super_editor__diff_after5_9fb9d5b4_super_editor__diff_after6_5f9799d0
p0089	super_editor__diff_after6_5f9799d0_super_editor__diff_after7_b998213e
p0090	super_editor__diff_after7_b998213e_super_editor__diff_after8_58e5c288
p0091	super_editor__diff_after8_58e5c288_super_editor__diff_after9_a9d4b4b0
p0092	super_editor__diff_after9_a9d4b4b0_super_editor__diff_before_019353a2
p0093	super_editor__diff_before_019353a2_super_editor__diff_before10_2f84ca55
p0094	super_editor__diff_before10_2f84ca55_super_editor__diff_before11_1b953eaf
p0095	super_editor__diff_before11_1b953eaf_super_editor__diff_before16_f518c031
p0096	super_editor__diff_before16_f518c031_super_editor__diff_before19_97e0f4e6
p0097	super_editor__diff_before19_97e0f4e6_super_editor__diff_before2_ca0c6859
p0098	super_editor__diff_before2_ca0c6859_super_editor__diff_before3_19d22832
p0099	super_editor__diff_before6_7c6912cb_super_editor__diff_before7_5bad2542
p0100	super_editor__diff_before7_5bad2542_super_editor__diff_before8_ba5faa9e
p0101	super_editor__diff_before8_ba5faa9e_super_editor__diff_before9_9818a85f
p0102	super_editor__diff_before9_9818a85f_super_editor__doc_with_graphs_diagrams_rotated_ef2e2f98
p0103	super_editor__doc_with_graphs_diagrams_rotated_ef2e2f98_super_editor__doc_with_spaces_from_styles_734ca26f
p0104	super_editor__doc_with_spaces_from_styles_734ca26f_super_editor__doc_with_spacing_e3d47bd7
p0105	super_editor__doc_with_spacing_e3d47bd7_super_editor__dropcaps_520cd049
p0106	super_editor__dropcaps_520cd049_super_editor__exported_list_font_8e6db734
p0107	super_editor__exported_list_font_8e6db734_super_editor__exporttest_68b3b898
p0108	super_editor__exporttest_68b3b898_super_editor__features_redlines_comments_annotation_769ed131
p0109	super_editor__features_redlines_comments_annotation_769ed131_super_editor__fields_test_4a8ffd8c
p0110	super_editor__fields_test_4a8ffd8c_super_editor__fields_attrs1_83837249
p0111	super_editor__fields_attrs1_83837249_super_editor__fields_attrs2_fonts_ebd792fb
p0112	super_editor__fields_attrs2_fonts_ebd792fb_super_editor__font_formatting_runs_8be3565a
p0113	super_editor__font_formatting_runs_8be3565a_super_editor__gdocs_comments_export_4c0bfa04
p0114	super_editor__gdocs_comments_export_4c0bfa04_super_editor__gdocs_single_comment_ac5db87f
p0115	super_editor__gdocs_single_comment_ac5db87f_super_editor__gdocs_tracked_changes_3c1de315
p0116	super_editor__gdocs_tracked_changes_3c1de315_super_editor__h_f_normal_odd_even_firstpg_9b210d9a
p0117	super_editor__h_f_normal_odd_even_firstpg_9b210d9a_super_editor__h_f_normal_odd_even_unchecked_first_p_817ad6e9
p0118	super_editor__h_f_normal_odd_even_unchecked_first_p_817ad6e9_super_editor__h_f_normal_odd_even_b572e46d
p0119	super_editor__h_f_normal_odd_even_b572e46d_super_editor__h_f_normal_5d2a8d96
p0120	super_editor__h_f_normal_5d2a8d96_super_editor__header_alternating_odd_even_11e01996
p0121	super_editor__header_alternating_odd_even_11e01996_super_editor__heading_font_46041620
p0122	super_editor__heading_font_46041620_super_editor__hummingbird_c5e5ac81
p0123	super_editor__hummingbird_c5e5ac81_super_editor__hyperlink_multiple_runs_0138c312
p0124	super_editor__hyperlink_multiple_runs_0138c312_super_editor__hyperlink_node_52b7695b
p0125	super_editor__hyperlink_node_52b7695b_super_editor__hyperlink_node_internal_1c0232f9
p0126	super_editor__hyperlink_node_internal_1c0232f9_super_editor__image_inline_and_block_ad6109b3
p0127	super_editor__image_inline_and_block_ad6109b3_super_editor__image_doc_c7d007ac
p0128	super_editor__image_doc_c7d007ac_super_editor__image_p_spacing_9b211fd7
p0129	super_editor__image_p_spacing_9b211fd7_super_editor__instrtext_angled_brackets_bug_ed56f1fe
p0130	super_editor__instrtext_angled_brackets_bug_ed56f1fe_super_editor__invalid_list_def_fallback_d7f55451
p0131	super_editor__invalid_list_def_fallback_d7f55451_super_editor__line_break_627a7159
p0132	super_editor__line_break_627a7159_super_editor__line_space_table_9b1ee54b
p0133	super_editor__line_space_table_9b1ee54b_super_editor__list_def_mix_d7cec092
p0134	super_editor__list_def_mix_d7cec092_super_editor__list_numbering_reimport_d788d573
p0135	super_editor__list_numbering_reimport_d788d573_super_editor__list_spacer1_06383c66
p0136	super_editor__list_spacer1_06383c66_super_editor__list_with_break_exported_broken_45f7bd19
p0137	super_editor__list_with_break_exported_broken_45f7bd19_super_editor__list_with_break_from_word_5cc0d638
p0138	super_editor__list_with_break_from_word_5cc0d638_super_editor__list_with_table_break_ff0c4c1f
p0139	super_editor__list_with_table_break_ff0c4c1f_super_editor__listWithSpacerNodes_cf53e890
p0140	super_editor__listWithSpacerNodes_cf53e890_super_editor__list_with_indents_efc7d4f5
p0141	super_editor__list_with_indents_efc7d4f5_super_editor__lists_sub_paragraph_31ff3fed
p0142	super_editor__lists_sub_paragraph_31ff3fed_super_editor__longer_header_sign_area_7c80b525
p0143	super_editor__longer_header_sign_area_7c80b525_super_editor__missing_sectpr_967a402d
p0144	super_editor__missing_sectpr_967a402d_super_editor__missing_separator_41c823b9
p0145	super_editor__missing_separator_41c823b9_super_editor__msword_tracked_changes_4794adc4
p0146	super_editor__msword_tracked_changes_4794adc4_super_editor__multi_section_doc_080d2655
p0147	super_editor__multi_section_doc_080d2655_super_editor__multiple_nodes_in_list_79d915a2
p0148	super_editor__multiple_nodes_in_list_79d915a2_super_editor__nested_comments_gdocs_0c8668e1
p0149	super_editor__nested_comments_gdocs_0c8668e1_super_editor__nested_comments_84f214bb
p0150	super_editor__nested_comments_84f214bb_super_editor__numwords_393421eb
p0151	super_editor__numwords_393421eb_super_editor__ooxml_bold_rstyle_linked_combos_demo_90819822
p0152	super_editor__ooxml_bold_rstyle_linked_combos_demo_90819822_super_editor__ooxml_bold_vals_demo_9e688d8f
p0153	super_editor__ooxml_bold_vals_demo_9e688d8f_super_editor__ooxml_color_rstyle_linked_combos_demo_23e43bed
p0154	super_editor__ooxml_color_rstyle_linked_combos_demo_23e43bed_super_editor__ooxml_highlight_rstyle_linked_combos__eb448e21
p0155	super_editor__ooxml_highlight_rstyle_linked_combos__eb448e21_super_editor__ooxml_italic_rstyle_combos_demo_90894ac1
p0156	super_editor__ooxml_italic_rstyle_combos_demo_90894ac1_super_editor__ooxml_rFonts_rstyle_linked_combos_dem_213298de
p0157	super_editor__ooxml_rFonts_rstyle_linked_combos_dem_213298de_super_editor__ooxml_size_rstyle_linked_combos_demo_017c9552
p0158	super_editor__ooxml_size_rstyle_linked_combos_demo_017c9552_super_editor__ooxml_strike_rstyle_linked_combos_dem_b8167cd3
p0159	super_editor__ooxml_strike_rstyle_linked_combos_dem_b8167cd3_super_editor__ooxml_underline_rstyle_linked_combos__a40afe78
p0160	super_editor__ooxml_underline_rstyle_linked_combos__a40afe78_super_editor__orderedlist_interrupted1_a3cd0dd3
p0161	super_editor__orderedlist_interrupted1_a3cd0dd3_super_editor__page_numbering_examples_13edaf84
p0162	super_editor__page_numbering_examples_13edaf84_super_editor__pagination_blank_2a98ed7a
p0163	super_editor__pagination_blank_2a98ed7a_super_editor__pagination_with_hard_break_8ce8c157
p0164	super_editor__pagination_with_hard_break_8ce8c157_super_editor__paragraph_indent_normal_styles_85fe82d8
p0165	super_editor__paragraph_indent_normal_styles_85fe82d8_super_editor__paragraph_pPr_variations_a7653eb1
p0166	super_editor__paragraph_pPr_variations_a7653eb1_super_editor__paragraph_spacing_missing_de418c38
p0167	super_editor__paragraph_spacing_missing_de418c38_super_editor__pci_table_dc840852
p0168	super_editor__pci_table_dc840852_super_editor__pre_separated_list_bd330d28
p0169	super_editor__pre_separated_list_bd330d28_super_editor__python_docx_comment_test_501f21cb
p0170	super_editor__python_docx_comment_test_501f21cb_super_editor__restart_numbering_sub_list_85ddcb79
p0171	super_editor__restart_numbering_sub_list_85ddcb79_super_editor__sd_1480_two_col_index_0138dccc
p0172	super_editor__sd_1480_two_col_index_0138dccc_super_editor__sd_1480_two_col_tab_positions_00953280
p0173	super_editor__sd_1480_two_col_tab_positions_00953280_super_editor__sd_1494_table_left_indent_03277d35
p0174	super_editor__sd_1494_table_left_indent_03277d35_super_editor__sd_1495_auto_page_break_2_f0f3bf0e
p0175	super_editor__sd_1495_auto_page_break_2_f0f3bf0e_super_editor__sd_1495_auto_page_break_854a2dd9
p0176	super_editor__sd_1495_auto_page_break_854a2dd9_super_editor__sd_1707_list_enter_track_changes_with_fd93fd8b
p0177	super_editor__sd_1707_list_enter_track_changes_with_fd93fd8b_super_editor__sd_1919_word_mixed_33e049ca
p0178	super_editor__sd_1919_word_mixed_33e049ca_super_editor__sd_1919_word_simple_e3a4a818
p0179	super_editor__sd_1919_word_simple_e3a4a818_super_editor__sd_1919_word_table_74726d6c
p0180	super_editor__sd_1919_word_table_74726d6c_super_editor__sd_2534_collab_export_f3c7fdf7
p0181	super_editor__sd_2534_collab_export_f3c7fdf7_super_editor__sd_2766_pirates_tracked_changes_3285d875
p0182	super_editor__sd_2766_pirates_tracked_changes_3285d875_super_editor__sd_1494_table_left_indent_11bb24c7
p0183	super_editor__sd_1494_table_left_indent_11bb24c7_super_editor__sdpr_titleonly_b0796676
p0184	super_editor__sdpr_titleonly_b0796676_super_editor__sdpr_8cc15994
p0185	super_editor__sdpr_8cc15994_super_editor__sdt_node_comment_ec887683
p0186	super_editor__sdt_node_comment_ec887683_super_editor__sdt_test_60079f08
p0187	super_editor__sdt_test_60079f08_super_editor__sdts_basic_45263ca5
p0188	super_editor__sdts_basic_45263ca5_super_editor__shape_group_ce60e1e6
p0189	super_editor__shape_group_ce60e1e6_super_editor__simple_ordered_list_8288421a
p0190	super_editor__simple_ordered_list_8288421a_super_editor__sublist_issue_66a1800a
p0191	super_editor__sublist_issue_66a1800a_super_editor__super_basic_table_86d8d916
p0192	super_editor__super_basic_table_86d8d916_super_editor__superdoc_hyperlink_cases_1dde9cd3
p0193	super_editor__superdoc_hyperlink_cases_1dde9cd3_super_editor__superdoc_table_tester_3b2de2e1
p0194	super_editor__superdoc_table_tester_3b2de2e1_super_editor__tab_alignment_test_184edb5d
p0195	super_editor__tab_alignment_test_184edb5d_super_editor__tab_test_576c8317
p0196	super_editor__tab_test_576c8317_super_editor__table_autofit_colspan_1fd7723c
p0197	super_editor__table_autofit_colspan_1fd7723c_super_editor__table_merged_cells_9c349334
p0198	super_editor__table_merged_cells_9c349334_super_editor__table_width_issue_20b01504
p0199	super_editor__table_width_issue_20b01504_super_editor__table_widths_SD_732_12074135
p0200	super_editor__table_widths_SD_732_12074135_super_editor__table_c70ca973
p0201	super_editor__table_c70ca973_super_editor__text_color_highlight_36cb4c90
p0202	super_editor__text_color_highlight_36cb4c90_super_editor__threaded_comment_27bda0ba
p0203	super_editor__threaded_comment_27bda0ba_super_editor__two_column_two_page_arial_6d5ca9a5
p0204	super_editor__two_column_two_page_arial_6d5ca9a5_super_editor__two_column_two_page_0b8a37c5
p0205	super_editor__two_column_two_page_0b8a37c5_super_editor__vrect_node_c8e51f22
p0206	super_editor__vrect_node_c8e51f22_super_editor__wmf_emf_44a469b8
p0207	super_editor__sd_1480_two_col_index_0138dccc_behavior__math_delimiter_tests_c9d034dc
p0208	super_editor__doc_with_spacing_e3d47bd7_super_editor__image_p_spacing_9b211fd7
p0209	super_editor__ooxml_highlight_rstyle_linked_combos__eb448e21_super_editor__diff_before2_ca0c6859
p0210	super_editor__complex_list_def_short_fde20a67_super_editor__sd_1480_two_col_index_0138dccc
p0211	super_editor__comment_23ee5ec1_super_editor__annot2_03ae6b74
p0212	behavior__pageref_standalone_uppercase_h_7701e07f_super_editor__restart_numbering_sub_list_85ddcb79
p0213	behavior__sd_2672_merged_table_821b922c_super_editor__pci_table_dc840852
p0214	super_editor__hummingbird_c5e5ac81_evals__employment_offer_4cf5a872
p0215	super_editor__table_width_issue_20b01504_super_editor__header_alternating_odd_even_11e01996
p0216	cli_legacy__sample_3a8f1f93_evals__comments_doc_79800b37
p0217	super_editor__page_numbering_examples_13edaf84_behavior__math_limit_tests_6dc07867
p0218	super_editor__list_with_indents_efc7d4f5_super_editor__shape_group_ce60e1e6
p0219	super_editor__basic_comment_d3ba5f1e_super_editor__basic_table_shading_d3212ffd
p0220	super_editor__Hello_docx_world_12f11074_behavior__multi_image_types_b962a2b8
p0221	behavior__sd_2750_borderbox_7cd3768d_super_editor__pre_separated_list_bd330d28
p0222	super_editor__alternateContent_valid_de18b376_behavior__math_radical_tests_4c1ce187
p0223	super_editor__threaded_comment_27bda0ba_super_editor__basic_table_shading_d3212ffd
p0224	super_editor__broken_list_missing_items_36b4199e_super_editor__list_spacer1_06383c66
p0225	super_editor__sd_1480_two_col_tab_positions_00953280_super_editor__missing_sectpr_967a402d
p0226	super_editor__sdt_test_60079f08_super_editor__comment_23ee5ec1
p0227	doc_api_stories__diff_doc2_bc0da0ce_super_editor__diff_before16_f518c031
p0228	behavior__sd_2750_borderbox_7cd3768d_super_editor__list_with_break_exported_broken_45f7bd19
p0229	super_editor__text_color_highlight_36cb4c90_behavior__sd_2672_nested_table_dfac08bb
p0230	super_editor__shape_group_ce60e1e6_super_editor__ooxml_strike_rstyle_linked_combos_dem_b8167cd3
p0231	super_editor__superdoc_hyperlink_cases_1dde9cd3_behavior__sd_2672_rtl_table_63bd9d10
p0232	behavior__math_limit_tests_6dc07867_evals__document_9bff7e1b
p0233	behavior__rtl_header_footer_e1ac81f6_super_editor__complex_list_def_short_fde20a67
p0234	super_editor__sd_2766_pirates_tracked_changes_3285d875_behavior__sd_2343_table_border_widths_b5148e83
p0235	super_editor__basic_table_shading_d3212ffd_super_editor__sublist_issue_66a1800a
p0236	super_editor__basic_comment_d3ba5f1e_cli_legacy__sample_3a8f1f93
p0237	super_editor__sd_1480_two_col_tab_positions_00953280_super_editor__multiple_nodes_in_list_79d915a2
p0238	layout_engine__basic_vector_shapes_e5f0ef49_super_editor__list_numbering_reimport_d788d573
p0239	super_editor__advanced_text_78401c31_super_editor__Google_Docs_Originated_comments___TCs_76ac865d
p0240	super_editor__font_formatting_runs_8be3565a_behavior__math_phantom_tests_263131a8
p0241	super_editor__super_basic_table_86d8d916_super_editor__sdt_test_60079f08
p0242	super_editor__h_f_normal_odd_even_firstpg_9b210d9a_super_editor__sd_1480_two_col_index_0138dccc
p0243	super_editor__contract_acc_bbd983a0_super_editor__diff_before7_5bad2542
p0244	super_editor__Google_Docs_Originated_comments___TCs_76ac865d_super_editor__diff_before8_ba5faa9e
p0245	super_editor__ooxml_italic_rstyle_combos_demo_90894ac1_super_editor__pre_separated_list_bd330d28
p0246	behavior__sd_2672_nested_table_dfac08bb_super_editor__blank_doc_b2a325e7
p0247	behavior__math_eqarr_tests_40a1adb0_super_editor__sdts_basic_45263ca5
p0248	super_editor__table_c70ca973_super_editor__diff_after6_5f9799d0
p0249	super_editor__ooxml_rFonts_rstyle_linked_combos_dem_213298de_behavior__sd_2672_rtl_table_63bd9d10
p0250	super_editor__sd_1495_auto_page_break_854a2dd9_super_editor__simple_ordered_list_8288421a
p0251	super_editor__image_doc_c7d007ac_super_editor__SD_978_remove_table_borders_47f7ede7
p0252	super_editor__image_doc_c7d007ac_super_editor__two_column_two_page_0b8a37c5
p0253	super_editor__doc_with_spaces_from_styles_734ca26f_super_editor__missing_sectpr_967a402d
p0254	super_editor__doc_with_spaces_from_styles_734ca26f_evals__document_9bff7e1b
p0255	super_editor__list_spacer1_06383c66_behavior__sd_2888_hyperlink_with_ampersand_aaaac3bc
p0256	super_editor__missing_separator_41c823b9_super_editor__diff_after9_a9d4b4b0
p0257	super_editor__hyperlink_multiple_runs_0138c312_super_editor__ooxml_highlight_rstyle_linked_combos__eb448e21
p0258	super_editor__diff_after16_2a48697a_super_editor__diff_before16_f518c031
p0259	super_editor__diff_after8_58e5c288_super_editor__doc_with_spacing_e3d47bd7
p0260	super_editor__comment_23ee5ec1_super_editor__diff_after16_2a48697a
p0261	evals__comments_doc_79800b37_behavior__sd_2888_hyperlink_with_ampersand_aaaac3bc
p0262	super_editor__broken_list_missing_items_36b4199e_super_editor__multiple_nodes_in_list_79d915a2
p0263	super_editor__image_p_spacing_9b211fd7_super_editor__dropcaps_520cd049
p0264	super_editor__doc_with_spaces_from_styles_734ca26f_super_editor__table_width_issue_20b01504
p0265	super_editor__complex2_dbba7f05_super_editor__pci_table_dc840852
p0266	super_editor__sd_1919_word_table_74726d6c_super_editor__gdocs_comments_export_4c0bfa04
p0267	behavior__pageref_standalone_uppercase_h_7701e07f_super_editor__table_c70ca973
p0268	super_editor__tab_test_576c8317_super_editor__diff_after7_b998213e
p0269	super_editor__list_with_table_break_ff0c4c1f_super_editor__broken_complex_list_293fda86
p0270	super_editor__list_with_indents_efc7d4f5_super_editor__Hello_docx_world_12f11074
p0271	super_editor__base_custom_544164f9_super_editor__tab_alignment_test_184edb5d
p0272	super_editor__basic_page_nums_d5b08fc3_behavior__math_eqarr_tests_40a1adb0
p0273	super_editor__image_inline_and_block_ad6109b3_behavior__rtl_page_numpages_54739e26
p0274	super_editor__paragraph_spacing_missing_de418c38_super_editor__exported_list_font_8e6db734
p0275	super_editor__superdoc_hyperlink_cases_1dde9cd3_super_editor__base_custom_544164f9
p0276	behavior__sd_2672_multipara_cell_4d1f068e_super_editor__hyperlink_node_internal_1c0232f9
p0277	super_editor__diff_after3_3f4fb6e8_behavior__math_matrix_tests_a3b17e15
p0278	super_editor__blank_doc_b2a325e7_super_editor__sdts_basic_45263ca5
p0279	super_editor__sd_1494_table_left_indent_11bb24c7_super_editor__diff_before11_1b953eaf
p0280	super_editor__ooxml_strike_rstyle_linked_combos_dem_b8167cd3_super_editor__diff_before2_ca0c6859
p0281	super_editor__bookmark_use_cases_d20f31f6_super_editor__superdoc_hyperlink_cases_1dde9cd3
p0282	behavior__math_groupchr_tests_4a4970fc_super_editor__diff_before16_f518c031
p0283	doc_api_stories__sd_2086_header_row_shading_api_9757ca5b_super_editor__custom_list1_77f82bd7
p0284	super_editor__threaded_comment_27bda0ba_super_editor__super_basic_table_86d8d916
p0285	super_editor__basic_page_nums_d5b08fc3_super_editor__sdpr_titleonly_b0796676
p0286	behavior__sd_2517_localized_heading_styles_39c2e4a1_behavior__sd_2750_borderbox_7cd3768d
p0287	behavior__sd_2672_merged_table_821b922c_super_editor__invalid_list_def_fallback_d7f55451
p0288	super_editor__doc_with_spacing_e3d47bd7_super_editor__list_with_break_exported_broken_45f7bd19
p0289	super_editor__complex2_dbba7f05_super_editor__fields_test_4a8ffd8c
p0290	super_editor__pre_separated_list_bd330d28_super_editor__diff_before7_5bad2542
p0291	super_editor__hummingbird_c5e5ac81_super_editor__bookmark_use_cases_d20f31f6
p0292	super_editor__ooxml_highlight_rstyle_linked_combos__eb448e21_super_editor__ooxml_bold_rstyle_linked_combos_demo_90819822
p0293	super_editor__doc_with_spaces_from_styles_734ca26f_super_editor__diff_before_019353a2
p0294	super_editor__basic_tracked_change_5a9ff724_super_editor__sd_1495_auto_page_break_854a2dd9
p0295	super_editor__image_doc_c7d007ac_evals__document_9bff7e1b
p0296	evals__document_9bff7e1b_super_editor__list_with_indents_efc7d4f5
p0297	super_editor__restart_numbering_sub_list_85ddcb79_super_editor__sd_1919_word_table_74726d6c
p0298	super_editor__missing_sectpr_967a402d_super_editor__fields_test_4a8ffd8c
p0299	behavior__math_limit_tests_6dc07867_behavior__word_native_bullet_square_da8bb73c
p0300	cli_legacy__replace_test_0a793f01_super_editor__sdpr_8cc15994
p0301	super_editor__custom_list_numbering1_7eb9fda4_super_editor__diff_before19_97e0f4e6
p0302	super_editor__basic_paragraph_1774f4e4_behavior__word_native_bullet_circle_80d6f323
p0303	behavior__sd_2447_toc_tab_alignment_8319c14c_super_editor__broken_complex_list_293fda86
p0304	behavior__word_native_bullet_disc_bfbeb2dd_super_editor__text_color_highlight_36cb4c90
p0305	super_editor__h_f_normal_odd_even_unchecked_first_p_817ad6e9_super_editor__sd_1495_auto_page_break_854a2dd9
p0306	super_editor__lists_sub_paragraph_31ff3fed_super_editor__sd_1919_word_mixed_33e049ca
p0307	behavior__tiff_image_2d531f83_super_editor__h_f_normal_5d2a8d96
p0308	super_editor__broken_complex_list_293fda86_super_editor__list_numbering_reimport_d788d573
p0309	cli_legacy__sample_3a8f1f93_super_editor__shape_group_ce60e1e6
p0310	super_editor__wmf_emf_44a469b8_behavior__sd_2447_toc_tab_alignment_8319c14c
p0311	super_editor__basic_comment_d3ba5f1e_super_editor__diff_after9_a9d4b4b0
p0312	super_editor__numwords_393421eb_super_editor__paragraph_pPr_variations_a7653eb1
p0313	super_editor__sd_1494_table_left_indent_03277d35_super_editor__pre_separated_list_bd330d28
p0314	super_editor__multi_section_doc_080d2655_behavior__pageref_standalone_uppercase_h_7701e07f
p0315	super_editor__diff_after_10f1912e_super_editor__listWithSpacerNodes_cf53e890
p0316	super_editor__font_formatting_runs_8be3565a_doc_api_stories__table_style_options_roundtrip_10222e60
p0317	super_editor__broken_complex_list_293fda86_super_editor__base_ordered_fdff1fb2
p0318	super_editor__diff_before8_ba5faa9e_super_editor__pci_table_dc840852
p0319	super_editor__hyperlink_multiple_runs_0138c312_super_editor__diff_before10_2f84ca55
p0320	super_editor__ooxml_rFonts_rstyle_linked_combos_dem_213298de_super_editor__sd_1494_table_left_indent_03277d35
p0321	super_editor__custom_list_numbering1_7eb9fda4_behavior__multi_image_types_b962a2b8
p0322	super_editor__paragraph_spacing_missing_de418c38_super_editor__diff_after2_fc1e0763
p0323	doc_api_stories__table_style_options_roundtrip_10222e60_super_editor__diff_after19_79c6b379
p0324	super_editor__hyperlink_node_52b7695b_super_editor__Google_Docs_Originated_comments___TCs_76ac865d
p0325	super_editor__h_f_normal_odd_even_firstpg_9b210d9a_super_editor__basic_footnotes_5be96945
p0326	super_editor__diff_before10_2f84ca55_behavior__word_native_bullet_square_da8bb73c
p0327	super_editor__nested_comments_84f214bb_behavior__math_matrix_tests_a3b17e15
p0328	super_editor__diff_after2_fc1e0763_super_editor__simple_ordered_list_8288421a
p0329	super_editor__ooxml_bold_vals_demo_9e688d8f_super_editor__diff_before8_ba5faa9e
p0330	behavior__sd_2672_plain_3x3_87943d5d_super_editor__hyperlink_node_internal_1c0232f9
p0331	super_editor__instrtext_angled_brackets_bug_ed56f1fe_super_editor__table_merged_cells_9c349334
p0332	super_editor__simple_ordered_list_8288421a_super_editor__line_break_627a7159
p0333	super_editor__basic_list_0fcfe705_super_editor__sd_1707_list_enter_track_changes_with_fd93fd8b
p0334	behavior__math_delimiter_tests_c9d034dc_super_editor__diff_after19_79c6b379
p0335	super_editor__sd_1919_word_simple_e3a4a818_super_editor__diff_after5_9fb9d5b4
p0336	super_editor__fields_attrs1_83837249_super_editor__vrect_node_c8e51f22
p0337	evals__nda_7f304918_super_editor__numwords_393421eb
p0338	super_editor__msword_tracked_changes_4794adc4_super_editor__sd_1494_table_left_indent_11bb24c7
p0339	super_editor__sd_2534_collab_export_f3c7fdf7_super_editor__sdt_node_comment_ec887683
p0340	super_editor__basic_comment_d3ba5f1e_super_editor__sdpr_8cc15994
p0341	super_editor__diff_before11_1b953eaf_super_editor__bookmark_use_cases_d20f31f6
p0342	super_editor__ooxml_bold_vals_demo_9e688d8f_super_editor__complex_list_def_issue_326369f9
p0343	super_editor__missing_sectpr_967a402d_super_editor__diff_before_019353a2
p0344	super_editor__missing_separator_41c823b9_super_editor__ooxml_bold_vals_demo_9e688d8f
p0345	behavior__math_groupchr_tests_4a4970fc_behavior__sd_2447_toc_tab_alignment_8319c14c
p0346	super_editor__broken_list_7e9b9bf7_layout_engine__basic_vector_shapes_e5f0ef49
p0347	super_editor__gdocs_comments_export_4c0bfa04_super_editor__basic_footnotes_5be96945
p0348	behavior__tiff_image_2d531f83_behavior__sd_2750_borderbox_7cd3768d
p0349	super_editor__table_width_issue_20b01504_super_editor__alternateContent_valid_de18b376
p0350	super_editor__basic_page_nums_d5b08fc3_behavior__math_func_tests_0434dd11
p0351	super_editor__pagination_blank_2a98ed7a_super_editor__two_column_two_page_0b8a37c5
p0352	super_editor__fields_attrs1_83837249_cli_legacy__sample_3a8f1f93
p0353	behavior__math_all_objects_36ab389c_super_editor__diff_after8_58e5c288
p0354	super_editor__diff_before19_97e0f4e6_super_editor__basic_page_nums_d5b08fc3
p0355	super_editor__missing_sectpr_967a402d_super_editor__diff_before11_1b953eaf
p0356	behavior__math_delimiter_tests_c9d034dc_super_editor__diff_after9_a9d4b4b0
p0357	super_editor__diff_after_10f1912e_super_editor__contract_acc_bbd983a0
p0358	super_editor__line_space_table_9b1ee54b_super_editor__diff_after8_58e5c288
p0359	super_editor__two_column_two_page_0b8a37c5_behavior__sd_2672_nested_table_dfac08bb
p0360	behavior__sd_2672_multipara_cell_4d1f068e_super_editor__broken_list_missing_items_36b4199e
p0361	super_editor__fields_attrs1_83837249_super_editor__diff_before5_a5f60578
p0362	behavior__math_func_tests_0434dd11_super_editor__complex_list_def_short_fde20a67
p0363	behavior__math_delimiter_tests_c9d034dc_behavior__word_native_bullet_disc_bfbeb2dd
p0364	super_editor__diff_before2_ca0c6859_super_editor__ooxml_underline_rstyle_linked_combos__a40afe78
p0365	super_editor__sd_1494_table_left_indent_03277d35_super_editor__sd_2766_pirates_tracked_changes_3285d875
p0366	super_editor__text_color_highlight_36cb4c90_super_editor__h_f_normal_odd_even_unchecked_first_p_817ad6e9
p0367	super_editor__broken_complex_list_293fda86_behavior__sd_2672_nested_table_dfac08bb
p0368	super_editor__fields_test_4a8ffd8c_behavior__sd_2517_localized_heading_styles_39c2e4a1
p0369	super_editor__anchor_images_3327faf8_super_editor__ooxml_color_rstyle_linked_combos_demo_23e43bed
p0370	super_editor__basic_comment_d3ba5f1e_super_editor__alternateContent_valid_de18b376
p0371	evals__basic_list_b4d9bb45_super_editor__sd_1495_auto_page_break_2_f0f3bf0e
p0372	super_editor__list_with_table_break_ff0c4c1f_behavior__sd_2672_plain_3x3_87943d5d
p0373	super_editor__threaded_comment_27bda0ba_super_editor__diff_before11_1b953eaf
p0374	super_editor__Hello_docx_world_12f11074_behavior__math_eqarr_tests_40a1adb0
p0375	super_editor__diff_before8_ba5faa9e_behavior__sd_2750_borderbox_7cd3768d
p0376	behavior__sd_2672_multipara_cell_4d1f068e_super_editor__missing_separator_41c823b9
p0377	super_editor__diff_before9_9818a85f_behavior__math_radical_tests_4c1ce187
p0378	super_editor__diff_after11_1d5b767f_evals__table_doc_4d728d83
p0379	super_editor__nested_comments_84f214bb_behavior__sd_2750_borderbox_7cd3768d
p0380	super_editor__superdoc_table_tester_3b2de2e1_evals__nda_7f304918
p0381	super_editor__sd_1919_word_mixed_33e049ca_super_editor__sd_1480_two_col_index_0138dccc
p0382	super_editor__invalid_list_def_fallback_d7f55451_behavior__tiff_image_2d531f83
p0383	super_editor__basic_table_shading_d3212ffd_super_editor__ooxml_bold_rstyle_linked_combos_demo_90819822
p0384	super_editor__multiple_nodes_in_list_79d915a2_super_editor__doc_with_graphs_diagrams_rotated_ef2e2f98
p0385	super_editor__vrect_node_c8e51f22_super_editor__diff_after_10f1912e
p0386	behavior__sd_2517_localized_heading_styles_39c2e4a1_super_editor__ooxml_underline_rstyle_linked_combos__a40afe78
p0387	super_editor__list_with_break_from_word_5cc0d638_super_editor__instrtext_angled_brackets_bug_ed56f1fe
p0388	super_editor__diff_after3_3f4fb6e8_super_editor__ooxml_highlight_rstyle_linked_combos__eb448e21
p0389	super_editor__missing_sectpr_967a402d_super_editor__superdoc_hyperlink_cases_1dde9cd3
p0390	super_editor__diff_before3_19d22832_super_editor__sd_1494_table_left_indent_11bb24c7
p0391	super_editor__hyperlink_node_52b7695b_behavior__pageref_standalone_h_7b3ab72e
p0392	super_editor__basic_comment_d3ba5f1e_super_editor__hyperlink_node_52b7695b
p0393	super_editor__diff_before8_ba5faa9e_super_editor__instrtext_angled_brackets_bug_ed56f1fe
p0394	behavior__pageref_standalone_uppercase_h_7701e07f_super_editor__diff_after8_58e5c288
p0395	super_editor__sd_1919_word_table_74726d6c_behavior__sd_2672_multipara_cell_4d1f068e
p0396	super_editor__diff_after5_9fb9d5b4_super_editor__comment_23ee5ec1
p0397	super_editor__ooxml_italic_rstyle_combos_demo_90894ac1_super_editor__base_ordered_fdff1fb2
p0398	super_editor__complex_list_def_short_fde20a67_super_editor__basic_list_0fcfe705
p0399	super_editor__python_docx_comment_test_501f21cb_super_editor__paragraph_spacing_missing_de418c38
p0400	super_editor__ooxml_italic_rstyle_combos_demo_90894ac1_super_editor__paragraph_indent_normal_styles_85fe82d8
